Proton = 1.007276466879
Neutron = 1.00866491588
Electron = .000548579909070
